Time (s),Current (A)
6.26853768801865e-07,-0.174896267569984
8.91222388955592e-06,-0.166461922951834
1.98025127558912e-05,-0.16134937435167
2.92518431598885e-05,-0.153925624134776
3.95692283639335e-05,-0.158702184223418
4.99468294212168e-05,-0.156951249367966
5.92612599861769e-05,-0.150264926851488
7.2774402703306e-05,-0.146951299482127
8.1260500908358e-05,-0.138184847123295
9.25196926356426e-05,-0.144369116831634
9.89928273094885e-05,-0.131324675992318
0.000109806678115477,-0.135768231524652
0.000119700390645674,-0.128514555821388
0.000129248020230634,-0.12897819688893
0.000137421775231587,-0.126686553360565
0.000150197833021417,-0.124248005936711
0.000160014328088955,-0.124047199994699
0.000170419713243485,-0.109794358232242
0.000181127031765399,-0.105756415713604
0.0001902879959146,-0.0949319823282786
0.00020154087452304,-0.0956013206730442
0.000209489298998518,-0.09644378627383
0.000220946050956616,-0.0859369993614
0.000230413161308767,-0.0754560094866518
0.000239733414231807,-0.0799663725218429
0.000249066453558026,-0.0787350625202357
0.000260156397698045,-0.0671087381231677
0.000271962849963727,-0.067172982660694
0.000280338752770048,-0.0551762091217888
0.000291238375167977,-0.0555510972726012
0.000300945804617353,-0.051306788342125
0.000309680531646218,-0.042580240905443
0.000318159668395705,-0.0349492247921937
0.000331660560243842,-0.0272883708008381
0.000338799017905756,-0.0269970210822155
0.000349020498421246,-0.0276306043449503
0.00035945506906971,-0.0110845513558741
0.000367780589531114,-0.00544175341982271
0.000381884588361317,0.00381728625385819
0.000389833094469903,0.0115167130386856
0.000397655132518874,0.0129195417160396
0.000409707710329001,0.0229519720347138
0.00042009431841517,0.0115643895187701
0.000431034273183258,0.0181844950330948
0.000437466460341515,0.0244176731469783
0.000451229062799827,0.0318276122396893
0.000461108869911624,0.0470947219576717
0.000470630265777332,0.0560788794835073
0.000480902708532724,0.0516832262440408
0.000491674707925264,0.0607514290154142
0.000500653974151081,0.0687942965600377
0.000508550089327441,0.0683347273467498
0.00052065882325572,0.0737818330320426
0.00052986193574241,0.0748229722830044
0.000540096898123039,0.0872759210755581
0.000549536387464002,0.0921487948778012
0.000559801828306273,0.0874535273769683
0.000570037788564091,0.0965261152016644
0.000578433659014914,0.105398023477433
0.000591202965314008,0.109060915515645
0.000598583179551077,0.11213415063691
0.00061065437227784,0.119886012804665
0.0006212547438339,0.120474952161262
0.000630655141090727,0.127395652523541
0.000639184851308811,0.128129330718927
0.000650561901226101,0.13558366126351
0.000659903470837623,0.140416196741195
0.000669169573699186,0.141559991549798
0.000677156776303954,0.147744359458266
0.000689362324052716,0.137259067837703
0.000701277465662953,0.155459326373824
0.000709793386925838,0.156656663922815
0.000720399922443089,0.15790262853507
0.000729320050899811,0.157678890046471
0.000740195942382633,0.166902333382938
0.000749870813799109,0.177304337994454
0.000760455134730301,0.168478744348172
0.000769676803219709,0.173837385396409
0.000778241856188876,0.168380415704287
0.000791657525876578,0.164288334232114
0.000800072405349898,0.175510455310245
0.000811561688154757,0.173614594351758
0.000821644890089072,0.177812858869366
0.000828727619687606,0.177121346517773
0.000839830241362052,0.172325346309824
0.000849991198305519,0.17971939177493
0.000860625416981797,0.181082260207404
0.000870169053575404,0.177829101049976
0.000880461286929754,0.182303269541645
0.000891298007901602,0.182494123244434
0.000899870700751355,0.170515304109141
0.000910425316181919,0.1776454427574
0.000920689678018856,0.17138266704019
0.000929280118954323,0.180786684609816
0.000940025002633855,0.179259452313764
0.000948808921227057,0.173759436211916
0.000957909712087343,0.170138964280654
0.000970406920949816,0.179444030899039
0.000980717928795728,0.166318025411482
0.000990758225330069,0.168006868457782
0.00100103394437586,0.172204824547407
0.00100988648127633,0.163586067355324
0.0010200444489411,0.171493380310257
0.00102963457170824,0.158448972118587
0.00104049831296603,0.158080113475902
0.00105147562110896,0.149733977005218
0.00106092369971827,0.155742853781423
0.00107031976932664,0.146968130191906
0.00108238419185433,0.141155540128804
0.00109167622540986,0.137321370240114
0.00109881803507272,0.138538432169949
0.00111108671017459,0.135584347446578
0.0011199246901249,0.13644822678242
0.00113042081683146,0.124545472662067
0.0011399479837135,0.119252982739556
0.00114945793189173,0.122175433522146
0.0011589322580352,0.11417706461114
0.00116776513140482,0.117011930194632
0.00118077676778397,0.106429999423169
0.00118848769040415,0.107870652867785
0.00120076110441721,0.0998755664003908
0.00120983138078742,0.0905689885321471
0.00122009258430176,0.0963554965972766
0.00122966420062334,0.082876648140999
0.00124114229691302,0.0762228810612277
0.00125119052772723,0.0715602864254532
0.00126076995262898,0.0740482650364026
0.00126996032420234,0.0622101538422176
0.00128084635202126,0.0613313369279496
0.00128870680936579,0.053108192894244
0.0013013156406978,0.0532539099382769
0.00130919495628086,0.0359677995033154
0.00132061500454356,0.0363367170166288
0.00132897472318439,0.036684604811727
0.00133957469597236,0.0267419337308252
0.00134952068324607,0.0196082736165485
0.00135908098763511,0.0149140080093731
0.00137052653004641,0.0143044088589874
0.00138016048202072,-0.00566135792499755
0.00138995212191796,-0.0032877541754451
0.00139968227723488,-0.0069173895023192
0.00140989664374969,-0.0117622769501865
0.00142092106040493,-0.0159292537200377
0.00142985304717425,-0.0406871823930737
0.00144109968594462,-0.0280547783043834
0.00145051564904255,-0.0373894945632004
0.00146115326701912,-0.0482965068552533
0.00146830862915234,-0.0390839604819193
0.00147946259151209,-0.0522919317080534
0.00149134410712607,-0.0571296876894875
0.00149920036542698,-0.0605224669845501
0.00151062285669929,-0.0772401255246855
0.00152131971276871,-0.0826383733667186
0.00152858056936102,-0.0757011146226936
0.00154051639255395,-0.0820863226106774
0.00154889133598735,-0.087036641727932
0.0015583927815598,-0.0957346278897486
0.00157051917832564,-0.0975312121543144
0.00157931594356456,-0.103682534015331
0.00158868436872705,-0.105109345902917
0.00159933924709383,-0.113489169390037
0.00161148085198965,-0.113236476722823
0.0016190581911049,-0.124085155629877
0.00163097247824052,-0.132111404860833
0.00164113167262326,-0.129328567019269
0.00164901115901527,-0.139370832847149
0.0016593395198691,-0.139648023078231
0.00166745323452771,-0.137856316686469
0.00167954722076287,-0.14836291404856
0.00169086061303717,-0.143903340951244
0.00170020653999161,-0.153990292642098
0.00170936826429527,-0.155541006161433
0.00171934902523198,-0.159762396821732
0.00173107270761974,-0.165403313951404
0.00173866708577101,-0.16558814210735
0.00174959501362817,-0.166072499293849
0.0017593359386167,-0.17249880788566
0.00176906829164625,-0.158657492603695
0.00177906717213705,-0.159567347323143
0.00178930002238029,-0.175966632262431
0.00179905855535701,-0.173762236449205
0.00180999208500273,-0.178050162245437
0.00182044537856595,-0.181478772639973
0.00183061814239388,-0.186045533742366
0.00183879554157794,-0.172969635603955
0.00184965055771806,-0.177648556798685
0.00186005035193158,-0.180104953513649
0.00186891111987209,-0.17888273260993
0.00188011951323766,-0.186438075209776
0.00188913657403723,-0.185988720602639
0.00189952158026456,-0.181304392962516
0.00190944911046745,-0.175451656158419
0.00191932555695922,-0.182796585432408
0.00192997411866544,-0.17897677785405
0.00194000448389917,-0.178810125429558
0.0019497500548514,-0.18308080812559
0.00195966859292682,-0.173553414470038
0.00196843081933691,-0.169525121425816
0.00198062996525427,-0.170251945503362
0.00199014693819899,-0.172524261956278
0.00200031215178948,-0.168960032644839
0.00200921404167079,-0.161253500971336
0.00201994128424939,-0.166390170002467
0.00202922318022773,-0.162525828631176
0.00203861383636716,-0.161454147089195
0.00205069653520057,-0.167270042299612
0.00205955440853965,-0.15463994622424
0.0020699930994544,-0.14791220523449
0.00207960655476099,-0.149675540422606
0.00208963349609444,-0.142668423183846
0.00209964267384711,-0.136928718779071
0.00211077878215485,-0.133662072199792
0.00211997614378375,-0.137804799024892
0.00213033601652477,-0.134113215093884
0.00214040313667861,-0.117300355193265
0.00215047573227757,-0.127089219256647
0.00216116297858871,-0.113785356025207
0.00216834810406225,-0.114791179785917
0.00218116750531762,-0.114610169348871
0.00218812600360162,-0.0987793110005324
0.00219912305537069,-0.103118446920071
0.00221125785484578,-0.0889411927256182
0.00221933149565802,-0.0815986792972392
0.00222960095890624,-0.0856880461669741
0.00223932075144695,-0.0761831792340687
0.00225118655279115,-0.0700215634369842
0.00225896601355048,-0.0751495455051022
0.00226824062009917,-0.0698517336914048
0.00228125732778932,-0.0562852636954582
0.00228867587601557,-0.0428816466159707
0.00230021014639401,-0.0493142989178919
0.00230957850974731,-0.043445623076575
0.00231929323795611,-0.0399992524466851
0.00232975376451407,-0.0265624301235842
0.00234079547996479,-0.0331721547285595
0.00235116490736787,-0.0196949602817257
0.00236156234500901,-0.0136369177158585
0.00237081626192468,-0.00712796975585998
0.00238095951858147,-0.0105111472482107
0.00239193453602826,0.00719440996475238
0.00239924077597937,0.00723405432200128
0.00241064213822853,0.0235651434109792
0.00242092140953139,0.0250231249454528
0.00242948128027252,0.030558737727352
0.00244002947938681,0.0325054843671167
0.00244882184443162,0.0378409508992309
0.00246093356464556,0.0476994263612117
0.00246950821199931,0.0485043722842492
0.00247748587594806,0.0629074532077496
0.00249113773397584,0.0627036562452252
0.00250099771694951,0.0673325212757069
0.00250950454740302,0.0733180890229436
0.0025196617402599,0.072520709077595
0.00252819656591696,0.0775913977801066
0.00254125698374936,0.0947691414817779
0.00255067364223599,0.093123515765296
0.0025596932391098,0.0934268449304128
0.00256839079253001,0.0982904490047204
0.00257884230511941,0.105623734308599
0.00259151681217872,0.108732463974818
0.00259988141788422,0.109671660141501
0.0026107610366007,0.113568672199253
0.00262087050160002,0.122438836108218
0.00262936489776027,0.125837234176044
0.00263955653019546,0.1289701822636
0.00265016202202489,0.141772123078396
0.00266058155082251,0.131324341515543
0.00266763454260741,0.140263681837839
0.0026793524997738,0.145539710796085
0.00269001996970236,0.149180339744167
0.00269902696241488,0.150349119465839
0.00270986561117548,0.159798292541052
0.00272101831454821,0.159116435620805
0.00273215133674123,0.164747335625024
0.0027404390170531,0.164764539222045
0.00274995100742309,0.168309341589826
0.00276103844671871,0.172830886470024
0.00276828657418115,0.169396810725272
0.00278022844431715,0.171286555711249
0.00279110938265889,0.174299254672467
0.00279977725964641,0.175140873793969
0.0028104157560096,0.173300871863289
0.00281890866427119,0.17189648717326
0.00282951912786817,0.175866011663735
0.00284051337696072,0.174220921194341
0.00284897479891787,0.172083147087713
0.0028588164182782,0.184912183951205
0.00286918099822818,0.182724079408448
0.00287800758021255,0.173436346248901
0.0028900194567046,0.181249715793347
0.0028992881293001,0.178664565375306
0.00291010839391099,0.180595145207145
0.00291952066029305,0.185130482544002
0.00293134354605874,0.172925499476407
0.00293971551717854,0.17305950089294
0.00294926454682495,0.172550547015091
0.0029603621585021,0.181541223143702
0.00296955942070392,0.178399858683284
0.00297962587972488,0.168365081089424
0.00298880502170705,0.16929323783478
0.0029981901382355,0.168233772659948
0.00300959572543239,0.166591543364132
0.00302084634976004,0.166915323967485
0.00302947943695384,0.1597895496878
0.00303960415979759,0.153722802186976
0.00304924753958637,0.157433167868212
0.00305917445296384,0.157088593623466
0.00306894986326611,0.146755393837866
0.00308127749280555,0.147045709277895
0.00309019419338394,0.143477670688382
0.00309933000222451,0.131113743495722
0.00310939096159199,0.133651440842469
0.00311800247542303,0.130567452715066
0.00313127180573313,0.131419499965629
0.00313984702165293,0.124143908630393
0.0031490779503742,0.123951467211899
0.00316226813203977,0.114485296383766
0.00317072006571752,0.101219031135204
0.00318104735782211,0.103504682040951
0.00318960946297138,0.0981987697516376
0.00319977001858174,0.0966695966202237
0.00320932256321604,0.0971248875351843
0.00321990116255215,0.0909981819319223
0.00323099955973473,0.0749818774357012
0.00324173803120608,0.0736271417662181
0.00325064340075759,0.0767566639082545
0.00325972679286946,0.062742109644249
0.00326885257739438,0.0691206955293548
0.00327991346160699,0.0589810829860665
0.00329062884749111,0.0464866832991259
0.00329839515959458,0.0460021360214868
0.0033082678233014,0.0461407594361187
0.00331874450435116,0.0336699666017683
0.00333102307459721,0.0268822382452791
0.00333902619166471,0.0217151614280155
0.00334888571797734,0.0123745332920979
0.00336160769511562,0.013258221546817
0.00336983799071664,0.010419341541479
0.00338083775188888,0.00488707600678023
0.00339061367147528,0.00150230034580949
0.00340075778415137,-0.0134519971455897
0.00341093513279399,-0.0138861784494626
0.00342042546691401,-0.0230578720356383
0.0034292965534278,-0.0263035252411311
0.00344099563104619,-0.0365434243568886
0.00345040756093366,-0.0365319194818917
0.00345963872551546,-0.0387996873582548
0.00346953007434343,-0.0464451041069151
0.00348031730448739,-0.0516395183514312
0.00348932434716102,-0.0545459173996688
0.00350096412655968,-0.0666014217295097
0.0035089820026212,-0.0657572320589555
0.00352006447759947,-0.0771917027414107
0.00352896389897542,-0.079215032869681
0.00353860781225293,-0.0846555802122356
0.0035495760943941,-0.0920738723048534
0.00356182862180989,-0.090813589487907
0.00357013828684624,-0.103321253946534
0.00358060279394868,-0.106747424449917
0.00359174446660156,-0.109755125332105
0.00359931548775954,-0.109351922571069
0.00360896559983911,-0.121605941908404
0.00361954653164261,-0.122822689459898
0.00363018611825064,-0.127178101306647
0.00363981424487704,-0.127800002555741
0.00364979781442084,-0.128621402498788
0.00366059808568463,-0.12892957283372
0.00367207107187465,-0.138006096641947
0.00367945963738123,-0.139015074063691
0.00368949766128709,-0.151064561339875
0.00370078623701173,-0.148604415286478
0.00370914034108199,-0.155700410584321
0.00372105572490155,-0.152916037549365
0.00373067859801694,-0.162619250189989
0.00373898684485969,-0.16293487085741
0.00375006973706751,-0.164356278616775
0.00375938897415131,-0.165057263058164
0.00377027446646278,-0.175362982501747
0.00378041539184785,-0.170692633971673
0.00378864834689519,-0.175711043635114
0.00380141893205997,-0.169966867407319
0.00381201294942835,-0.172093291492592
0.00381821591104297,-0.186242676169598
0.00382957580931314,-0.18198734543037
0.00383971275721921,-0.168348589276231
0.00385095278876526,-0.174150369384133
0.00386157371483954,-0.179388566333501
0.00386905574091942,-0.186897747921866
0.00388075417195,-0.183412959831523
0.00388881174523227,-0.180217338994098
0.0038999304921562,-0.172794589472416
0.00391042304555832,-0.181828841669604
0.00392038773194105,-0.176658885772463
0.00393050517162553,-0.18366181398183
0.00393998575953686,-0.173099864229008
0.00395010528752156,-0.180639853339644
0.0039608681094878,-0.174945821332978
0.00397071438511964,-0.172884417845259
0.0039808683035251,-0.171965230992662
0.00398882125986416,-0.174129049600152
0.00399837845539102,-0.175269177395954
0.00401057164814939,-0.163455447806
0.00402033147491411,-0.161846508906014
0.0040300844603175,-0.16148475289815
0.00404158489881952,-0.165015114562953
0.00405114191473571,-0.154972044944755
0.00405864761456858,-0.153333335164506
0.00406983805029616,-0.144881017095474
0.00407877226618007,-0.145680639568717
0.00408919153430672,-0.146396180324058
0.00410035711812448,-0.135521123442126
0.0041106026998949,-0.146242006618818
0.00412025027904264,-0.129046832346207
0.00413022012321275,-0.124450222018126
0.0041427133647821,-0.124251044697348
0.00414971758244105,-0.126934367020206
0.00416088674836592,-0.116221449908373
0.00417033116087495,-0.120523590978782
0.00418197683976656,-0.111226043374347
0.00418940719637828,-0.0952035502426981
0.00420069103531091,-0.0981086341516323
0.00420798732448937,-0.0954306265480207
0.00421860559713705,-0.0855360365082715
0.00422909913819702,-0.0797061353094522
0.00423966790313679,-0.0799681345210576
0.0042506471356295,-0.0723214394418113
0.00426000571869557,-0.0651715175572836
0.0042713262078454,-0.0580485777168863
0.00427871933179199,-0.0694586545118777
0.0042885110912321,-0.0535541466585471
0.00430004062885389,-0.0515102752754283
0.00431018226194315,-0.0359866766631762
0.00432020747443887,-0.0328304715634823
0.00433025685170629,-0.0337170191011908
0.00433938639005371,-0.0175553241099001
0.00435001113141094,-0.0221615356266519
0.00435891281768312,-0.00560120503656981
0.00436928716170309,-0.00807500904495012
0.00438073569415223,-0.00209435009327802
0.00438963755593603,-7.6286369023825e-05
0.00440013930025385,0.00839958511244608
0.00440971283394919,0.0160584244833819
0.0044188171408588,0.0192896849335512
0.00442935424666954,0.0304936966647795
0.00444046189553635,0.0328469048173338
0.00444995007638686,0.032664415466681
0.0044603404605533,0.0384542764069001
0.00446943818803312,0.046977161059916
0.0044807861283432,0.0553375336877919
0.004489914928895,0.0611282236003059
0.00449991454544777,0.0638561508853244
0.0045095471169604,0.0682562856929346
0.00452110407864792,0.0740271568939854
0.00452917695444373,0.0879539374599806
0.00454163854699584,0.0875400542577021
0.00455056514616166,0.0904027000206032
0.00455961409502329,0.095151689816139
0.00456975111363634,0.0955665178619122
0.00457985202713488,0.0980763920845921
0.0045904566501497,0.107685847335557
0.00460077178982991,0.11675708290965
0.00460973475523735,0.114899311568525
0.00462102473644259,0.122934719781265
0.0046320325408737,0.126207515077606
0.00463988932838345,0.134802830421621
0.00465058762204168,0.138361015058559
0.00465939642597003,0.144642544451161
0.00467074337615198,0.141248193656289
0.00467873712228103,0.143890125031064
0.00468885210901184,0.146974490867315
0.00469949703975465,0.155025482627665
0.00471138815094833,0.148893626974999
0.0047200340621985,0.170901880541029
0.00473033162733235,0.159088134447931
0.00474074988202627,0.165075158892311
0.00475018441129177,0.160539424427776
0.00475986685254872,0.169559400645782
0.00476987308292926,0.180021815935622
0.00477949170513758,0.175488920367895
0.00479082254669873,0.171914849921561
0.00480180818414976,0.17263501317423
0.00480927245640908,0.168493443196207
0.00481908042081456,0.175928427116788
0.00483053828614845,0.178576035648972
0.0048381707327892,0.178106290431226
0.00485212403498762,0.183298746785951
0.00485895860769443,0.177964372517926
0.00486915690444191,0.175123574590686
0.00487942303504793,0.179062555038715
0.00488875129289405,0.181430756656097
0.00490008862333091,0.167419430461792
0.00490888019633253,0.182869570394922
0.00492155603658728,0.175701374120827
0.00492973097654719,0.175575955369644
0.00494022643695522,0.177327630035966
0.00494892415920191,0.175437027167042
0.00495961890539746,0.170973063644673
0.00496958504489751,0.171802319374316
0.00497878434600585,0.177872602592944
0.0049898667676839,0.17248109151148
0.0050002316092509,0.16721477125552
0.00500976537233026,0.167498769100743
0.00502046392741338,0.16666276369243
0.00502951531945512,0.160275509589016
0.00504073734290499,0.157347275822186
0.00505131764050594,0.156189085608071
0.00506061084552245,0.148138024172756
0.00507106027141932,0.15474086297085
0.00507972897446733,0.145931454413426
0.00509048059976765,0.143078232551967
0.00509884876985423,0.143443468450941
0.00510930853983405,0.144414759422434
0.00511920706156001,0.133257014646012
0.00512952783533223,0.119184364637932
0.00514061493350379,0.128263292369492
0.00514871651557313,0.12242247766412
0.00516147263598841,0.123509283390841
0.00517087909003465,0.110200687120852
0.00518192340391603,0.108104011210134
0.00519012129769728,0.103732656962405
0.00520045212248773,0.0954071996575906
0.00521151374311909,0.0973129970193481
0.00522011356573526,0.0894666689050088
0.00522977760685907,0.0916005736777151
0.00523929300735184,0.0709164590612248
0.00524953082274386,0.0761813461097798
0.00526077885689246,0.0665537988319596
0.00527004648837555,0.0668213262051776
0.00528013952252121,0.0577501214647863
0.00528861918057406,0.0494203409451504
0.00530018280547741,0.0377734168713142
0.00531187857040723,0.0404589083972444
0.00532075480417027,0.0368260351154094
0.00533094978916046,0.0274632436014667
0.00533997320457661,0.0288772123249902
0.005348284959578,0.0206613019754614
0.00535766528995902,0.0191141280427617
0.00537068587775385,0.0161073875577104
0.00537901627371223,-0.00145503267489884
0.0053904400930781,-0.00655452707045983
0.0054007557129283,-0.0116971546413018
0.00541059547731141,-0.019180188628843
0.00542103359863733,-0.0178371916151238
0.00543120521540196,-0.0301666926739356
0.00543971292733654,-0.0301395581872898
0.00545087039910359,-0.0397838897040123
0.0054618772512647,-0.0471077290854215
0.00546702042287435,-0.0488628006461652
0.00547875083675935,-0.0528028305719554
0.00549107297224792,-0.0574599055008391
0.00549956732062774,-0.0621948152131621
0.0055089320628684,-0.0684532321440173
0.00552042302463503,-0.0757386937453537
0.00553018889122013,-0.0800835081307688
0.00554229957855594,-0.0886887876432048
0.0055495672777099,-0.091066093100688
0.00556051313753612,-0.0944653561568564
0.0055683129223159,-0.0971028964292506
0.00557931209569337,-0.106579423981737
0.00558895475650109,-0.115209339532903
0.00560134305048741,-0.109259803142733
0.00561011416107037,-0.112774657781766
0.00561951107858824,-0.118358663465719
0.00562897007028925,-0.126855897864607
0.00564067973309229,-0.132381121334497
0.00564821831487747,-0.128009391942026
0.00566110841551947,-0.144455856921679
0.00567024037978155,-0.143630019138334
0.00567994445052377,-0.142835190128602
0.00568864294517167,-0.146725848046024
0.00569766204918854,-0.149152106201089
0.00571026675188305,-0.147630924642144
0.00571786692337813,-0.161124282538458
0.00572996974385019,-0.155215775948551
0.00573993824294716,-0.164075462504976
0.00575002514422124,-0.167609724845265
0.0057600445340315,-0.165454380086969
0.00576933532967224,-0.169768509949678
0.00577984097421701,-0.171246838722632
0.00578975680451612,-0.177396687851807
0.00580078449675656,-0.176975820013147
0.00580948742692873,-0.180233010350146
0.00581884776179822,-0.177577380244124
0.00582871820969879,-0.173544969817224
0.0058386287362591,-0.174606262502124
0.00585101204549148,-0.17985977196517
0.00585929523348339,-0.184486940879891
0.00586953415951625,-0.18014929960643
0.00587932265054637,-0.178940040402139
0.00588949904209312,-0.181154342505823
0.00589919515519293,-0.181691405680239
0.00591093420847581,-0.179184617149468
0.00591956853964264,-0.170082954545903
0.00593090134081256,-0.175505672210736
0.00593948902080738,-0.175761159227355
0.00594973435789427,-0.173457331509999
0.00596065810757686,-0.166883814945086
0.00597164017979054,-0.173498706864174
0.00598097698665647,-0.167826348122988
0.00599139237780193,-0.169531353100279
0.0059999227996686,-0.153881425184124
0.00600931152946962,-0.166080723587863
0.00602026189200577,-0.160847206558067
0.00602887138412005,-0.164347604177263
0.00604096564624801,-0.15900793138318
0.00604863821706117,-0.155251662453877
0.00606031896951238,-0.155243744160306
0.00606982123075284,-0.146034532644824
0.00608000706035868,-0.146796701846101
0.00609162607607507,-0.154113545245388
0.00610065176934691,-0.143493241078115
0.00611006225872749,-0.136562403654965
0.00612104554911564,-0.127489088085901
0.00613026944420415,-0.122053840824294
0.00614023328848208,-0.122953549368249
0.00615050711858528,-0.117943822681413
0.00615955023910278,-0.115115751890828
0.00617014310559973,-0.118904268947673
0.00617922995414721,-0.103315244358984
0.0061880223541326,-0.0989146671543623
0.00619915975308002,-0.0956918600910372
0.00620932282445098,-0.0928892419057274
0.00622089907501457,-0.0826304015707258
0.00622961040379873,-0.0857297947874123
0.00624099905408763,-0.0806633416176058
0.00625079706330758,-0.072265983122725
0.00625953166155552,-0.0690134863041269
0.0062690789373005,-0.0658086780220575
0.00627959859875313,-0.0542741614799083
0.00628878875819363,-0.0528774973918225
0.00630122033083797,-0.0426180421992311
0.00631048969411468,-0.0389627483580491
0.00631996237687737,-0.0354740823342996
0.00633199843406269,-0.0344288312846317
0.00634023567292268,-0.0169478875327081
0.00635113066649379,-0.0179095178827749
0.00635949034614232,-0.0131738328208528
0.00636957483300983,-0.00554795652439064
0.00637934034815248,-0.00405718643806969
0.00638834315463859,0.000718463598127733
0.00639945025208113,0.00840231155285179
0.00640927631673092,0.00784440727211481
0.00641979159085865,0.0212140140661381
0.00642956018369822,0.0299094744325234
0.00644122739201129,0.0335891854831983
0.00644936810605741,0.0331997872288625
0.00645931159417419,0.0471238592529149
0.00647168944418673,0.0439678083531911
0.00647971346807784,0.0605738748565809
0.00649012613319925,0.0607924813171203
0.00650143337122602,0.0599069658811149
0.00650970913869105,0.0672098932687068
0.00652154254641764,0.0783180952349562
0.00652981161381864,0.0843342887180612
0.00654085613854462,0.0832322109744096
0.00654856445105138,0.0891038143094495
0.00655998382286107,0.0874254152784382
0.00657079821975932,0.0983116512664554
0.00657931339898411,0.107015116919815
0.00658885861574411,0.107012039760868
0.00660017300697792,0.116306034510466
0.00661014139136701,0.114912302041955
0.00661842226714016,0.120230390356908
0.00662863703813491,0.12764830190603
0.00664110141738727,0.137813270756065
0.00665057961084324,0.139372209728473
0.00666007039827357,0.143145385601038
0.00667047628733346,0.142049137213897
0.00668076072235614,0.142666700441744
0.00669040425088275,0.140663541900548
0.00670118093630067,0.155633787888378
0.00671048035459498,0.140445703004885
0.0067179251408363,0.156184029854934
0.00672961200479595,0.153661697897185
0.0067405761670902,0.156662821520236
0.00674938397387755,0.163629701272795
0.00675890711628667,0.16681416040921
0.00677138684767121,0.176957311809848
0.0067808358356057,0.179261618280576
0.00678948789235715,0.175999083107096
0.00679892542203977,0.173377607703458
0.0068117904697701,0.17293651347608
0.00682065987658022,0.177961587791489
0.00682979647884273,0.178297066546307
0.00683870020638753,0.17069723955977
0.00685091634632832,0.178946493775624
0.00686166995977981,0.180447770345292
0.00686948119312941,0.171475438497
0.00688023533955545,0.180503700070608
0.00689068792128154,0.177147547555447
0.00689763258731205,0.173558746703399
0.00691047763395841,0.178448396165928
0.00692017168184688,0.179588149960845
0.00692964173947283,0.182631846655039
0.00694192936600849,0.177017484871642
0.00695049529801959,0.187439426984376
0.00696169343001279,0.177680928582317
0.00697181105191522,0.174324698439788
0.00698001203695625,0.179380366291519
0.00698864412968166,0.164476733021668
0.00700105700712316,0.162273938340327
0.00701011055827536,0.171555918728516
0.00702002511728806,0.173668564207497
0.0070320293534362,0.163159635050023
0.00704062075765823,0.15967706267673
0.00704945060311937,0.148527391957458
0.00706202964413221,0.155434868886222
0.00707039326362927,0.149350164556314
0.00708018776722705,0.151836249745533
0.00708956167884792,0.151322420857891
0.00710071567427563,0.147944349537699
0.00710732583388687,0.142874611378121
0.00711981015131273,0.137093598908126
0.00713042771952987,0.135925737856235
0.00713942762816767,0.123956310198469
0.00714850711158405,0.107883153488427
0.00716064875542358,0.112987113943014
0.0071688374006107,0.124231901408351
0.00717964848630655,0.102208518889879
0.00719014980044731,0.103616686373098
0.00719937969230406,0.105088242951354
0.00721093419233004,0.0905401589800369
0.00721928158327269,0.0801312420779161
0.00723126612054474,0.0829844023379034
0.00723944020743196,0.082873329904261
0.00724971406164922,0.0758559553488136
0.00725914584825395,0.0624492518163215
0.00726927130162256,0.0600827050940284
0.00728085898082997,0.0594329034446338
0.00728867700064605,0.0459729920719604
0.00730170530147216,0.0541398428980828
0.0073087875173515,0.0450568145432331
0.00731924836127738,0.037227878220298
0.00733085994780768,0.0303977310211146
0.00734107734867444,0.0224458370487517
0.00735166649064143,0.0176852286709711
0.00736040936893641,0.00475518563481045
0.00736970174091733,0.0137778638581231
0.00737865762748073,0.00563050853393528
0.00739005676902406,-0.00646492851851025
0.00740067446994663,-0.0205602660361033
0.0074103785635962,-0.0175119653815273
0.00742189525260031,-0.021808408322032
0.00743236871200117,-0.0249192648488913
0.00744042450998894,-0.0348746627396739
0.0074511704057412,-0.0362410545932259
0.00746084622655746,-0.0424905554373107
0.00746978400569971,-0.0452874090668765
0.00747774723564293,-0.0513499220209449
0.00748962488604938,-0.0611420727648152
0.00749787474521719,-0.0641799973666471
0.00750945932182261,-0.0760944480302411
0.00752053170970955,-0.0698221162102828
0.00752979160451804,-0.086503164182223
0.00754136195716259,-0.0896982355279162
0.00754693241563437,-0.0931593149136097
0.007560891450692,-0.102862651592871
0.00756853355520747,-0.101578195221187
0.00758217192597349,-0.109790115103928
0.00759002535838583,-0.103786978785001
0.0076000132258876,-0.112971848653278
0.00761135642186664,-0.122711959734709
0.00761876622314783,-0.117691856138188
0.0076284855543696,-0.130669383630151
0.00764079141110832,-0.129133086454549
0.0076524705364369,-0.133493266362504
0.00766094257500182,-0.147798638171469
0.00767055814082384,-0.142199497397653
0.00768050806532615,-0.14020974261063
0.0076896961034314,-0.148714245869244
0.00769982257248729,-0.155801634461385
0.00771018184680699,-0.151153559285467
0.00772239334570658,-0.163288629162468
0.00772828463070017,-0.1650409021681
0.00774040895997239,-0.165580637740299
0.00775032468885911,-0.165969995325968
0.00775892867534618,-0.158723683592954
0.00777032950499,-0.167298155980816
0.00778020879483353,-0.169523582314524
0.00778922542320123,-0.170214806712576
0.00779994316970991,-0.170158032569307
0.00780871894989248,-0.18133002086246
0.00781916470999741,-0.179173954980399
0.00783025030344966,-0.178212708673076
0.00784053519029714,-0.181234035967551
0.00784893182588987,-0.176970395825464
0.00785804583556156,-0.180792393720388
0.00786938408249411,-0.178741473286191
0.00787901848626765,-0.179449925605332
0.00789051971862705,-0.17788492100758
0.00790077300959789,-0.18218033359753
0.00790972973098937,-0.183006540642653
0.00791859895988346,-0.187790064597235
0.00792970980034177,-0.168110547418467
0.00793997905038509,-0.176329373817353
0.00794997415809658,-0.179232936366019
0.00795979306463816,-0.179803368467914
0.00796914774182341,-0.179780001656646
0.00798299509332207,-0.169200741851878
0.00799010037343533,-0.169578991048813
0.00800046856937724,-0.169669142945805
0.00801004267697234,-0.167017139660648
0.00802136809942051,-0.163676767955868
0.00803010821138925,-0.152437438148704
0.0080402645074062,-0.15944944965759
0.00805159805237151,-0.158695854136701
0.00805837327095086,-0.152001938842899
0.00806991299609532,-0.145809152058924
0.00807930433259635,-0.138269592583539
0.0080898841450695,-0.149812145379064
0.00809992489794072,-0.137740554632598
0.00810964057802134,-0.131502786683828
0.00812074864459598,-0.133525037457807
0.00812930057713744,-0.132278592940979
0.00813906329668459,-0.123989202352548
0.00815181200845551,-0.120582951741086
0.00816141536574955,-0.115256308282625
0.00817115943166548,-0.115909801115215
0.00818258329080049,-0.109749838597772
0.00819192809236242,-0.100038707922838
0.00819950842218355,-0.0950984346340468
0.00821086342916668,-0.0931733688928245
0.00822059516265388,-0.087146487958848
0.00822999301857621,-0.0833059972082978
0.00824131560149497,-0.086654560284663
0.00825105087796709,-0.0767172922362756
0.00826111421936787,-0.0694300796220808
0.00826886084280227,-0.054788213352694
0.00828048207685632,-0.0615548309216361
0.00828870494657512,-0.046172591667571
0.00829962932720342,-0.0434437642810459
0.00830956152260299,-0.0411591557951934
0.00832009123405897,-0.0379936532203271
0.00832935720266997,-0.0370836144795357
0.00834186073692461,-0.0221871563253192
0.00834884662853099,-0.0242617382881793
0.0083604289637731,-0.0199402132381074
0.00837073118362756,-0.00688122920566053
0.00837950523981209,0.00159602244450942
0.00839036629735443,0.0018443124631186
0.00840012156532375,0.0115068837993978
0.00840832928456434,0.0151716247378519
0.00841987173786952,0.0310136207768552
0.00843205793903368,0.0330185940832189
0.00843899288361306,0.0263002665357427
0.00844857206743533,0.0363349516926795
0.00846011441089709,0.0419492728008593
0.00846947498744605,0.0453106833629339
0.00848172284086868,0.0557370001325839
0.00848952521794006,0.0613599169885928
0.00849842826931948,0.0780706191441676
0.0085104177798332,0.0717190330017201
0.00851949575864932,0.0704770411096842
0.00852795756990376,0.0775498238482318
0.00854060213248852,0.0893666275311615
0.00854991802333686,0.0850797532391457
0.00856000010892976,0.0942671858264764
0.00856898130203881,0.102891222854036
0.00858075348992482,0.104158863769355
0.0085899157718374,0.112040715066115
0.00860073787303398,0.110562542017162
0.00860884769254505,0.115865421491632
0.00862199692073682,0.115709296226162
0.00862955072441361,0.126826416721604
0.00864006112064397,0.134816875410265
0.00864922109707912,0.13486021059768
0.00865740491344488,0.141804372517921
0.00867267740663799,0.139586614538842
0.00868007320796663,0.144767126407576
0.00868896529578318,0.151780702457837
0.00869997765590762,0.143549326900191
0.00870959514656992,0.154659508363086
0.00872033102902124,0.151010395169342
0.00872921255144026,0.164170490145522
0.00873934925227674,0.162983476185129
0.00874935269772471,0.163029833057834
0.00875890716297826,0.163559430454614
0.00876905447185464,0.167751428484078
0.00877988610165784,0.173522914706303
0.00879107793519442,0.183818603582902
0.0087981888793721,0.167178314598852
0.0088106852486672,0.1772211223799
0.00882166814939767,0.177039630685048
0.00882939081737281,0.187569318478417
0.00884051891451359,0.181748607106432
0.00884979411596351,0.174688766610832
0.00885737654686278,0.18280897206545
0.00887033192664951,0.175144658242168
0.00887902532367438,0.1837732367628
0.00888928932229806,0.171872295864374
0.0088987128730121,0.177872246456164
0.00891006166559106,0.179459382283557
0.00892060025088354,0.18353875791211
0.00892891818990298,0.172279972693403
0.00893977120562578,0.178749493244242
0.00894948210309512,0.176627060328124
0.00896071331188828,0.18042034140165
0.00897049861098832,0.167097609257077
0.0089797171505056,0.17081815106038
0.00899026592081951,0.167176187564035
0.00899937718549573,0.164373281548631
0.0090103678430863,0.165133610545209
0.0090190683351757,0.162033770091549
0.00903060432580897,0.1612967729307
0.0090396102507039,0.158904190187746
0.0090499533160689,0.154271637003803
0.00906086472903852,0.151513865730095
0.00907003194047521,0.151386558082827
0.00907953912132032,0.155640079090661
0.00909012716935127,0.141251250253725
0.00910025865058462,0.145850542603322
0.0091103314832207,0.133728780894062
0.00911944174336655,0.136318667088254
0.00912906799740661,0.132698083082996
0.00914094907237618,0.118868562103502
0.00914959741721498,0.116425513437682
0.00916025048175048,0.112292969906981
0.00916807260788235,0.109763695366142
0.00918010376304739,0.106015517058084
0.00919147584933823,0.0914438151349517
0.00919963415237111,0.101537182162043
0.00920991685318167,0.0919552713372944
0.00922083227397168,0.0802901839003513
0.00923130291428711,0.0863543112424327
0.00924012281163238,0.0754263341543218
0.00925124806655142,0.0655823447569999
0.00925994538280927,0.0740614026468901
0.00926866823962205,0.0698036863300754
0.00927968748599459,0.0578062827165538
0.009290280492892,0.0452786112246215
0.00930013134539946,0.0462797753009023
0.00930998658270963,0.0405372513002589
0.00931996423292877,0.0285379010336965
0.00933057290943327,0.0346654248299067
0.00933988425522748,0.0224097419777809
0.00934788003272731,0.0230256923698171
0.00935983994842883,0.0138796042403616
0.00936943639946122,0.0113305449044534
0.00938069540934451,-0.000822409369395733
0.00938947375643626,-0.00892488976633604
0.00939821191257879,-0.00531111401650085
0.00940937340259932,-0.0226220472527536
0.00942002283667215,-0.0257913724558406
0.00943170638972295,-0.0282367320346893
0.00944028499274571,-0.0357082789196123
0.00945027139881965,-0.0386270416527647
0.00946064731590529,-0.0400931123108594
0.00947137952016797,-0.0559950209557627
0.00948222696119943,-0.0564460378896245
0.00948961503478297,-0.0585941609862384
0.0094981700924102,-0.0593680446860155
0.00950991717639822,-0.072690741122503
0.00951978592747387,-0.0737862761697217
0.00952962334639602,-0.0773297080619907
0.00953822445895654,-0.0795091057389466
0.00954851325785707,-0.085108103937501
0.00955962974082162,-0.0950395750384565
0.009568975770277,-0.0935990191163606
0.00958151271885847,-0.0995431920479949
0.00959146151692686,-0.113483513593668
0.00960145272808599,-0.112762809034607
0.00961081031010677,-0.114596769188839
0.00962103283391975,-0.122685159189746
0.00963140624262712,-0.120453484704339
0.00963830318895458,-0.128175937505123
0.00965218779507408,-0.14114057023293
0.00965974515573205,-0.134217733585263
0.00966923852535543,-0.138907948199744
0.00967997833851938,-0.140195281521124
0.00969011169721062,-0.150879781425664
0.00969958614363043,-0.147959606139941
0.00971030707444451,-0.158174894780731
0.00971841720261715,-0.158442900100053
0.00972976039713634,-0.160435497897798
0.00974111936023468,-0.160371201837883
0.009749638460515,-0.173810026753091
0.00976026653231699,-0.175745981778989
0.00976938523777771,-0.163055584568036
0.00977930610110235,-0.171556289465047
0.00978972512856209,-0.176396931064945
0.00980158437512508,-0.174555275646975
0.00980992063066434,-0.172407334077145
0.0098207969480789,-0.177368291575877
0.00982949414064077,-0.176453260307013
0.00983992697350584,-0.183439779112195
0.0098486390279848,-0.170677111658344
0.0098602990380837,-0.176051695047347
0.00987134604225971,-0.186989882067925
0.00987937640186581,-0.175053316724556
0.0098911325617814,-0.181001080058398
0.00989985487147293,-0.18538687057402
0.00991123900061518,-0.187189360917864
0.00991958681476788,-0.181042734409063
0.00993092087888213,-0.175684559953208
0.00993903468457919,-0.172560548252193
0.00994925546681439,-0.170322468604861
0.00995979833364973,-0.169215264522755
0.00997090008837092,-0.170543964534342
0.00998006718994853,-0.17189912534325
0.00998954771618129,-0.172750347147669
0.0100001422891348,-0.171096189935368
